2003_1_leftfoot1.jpg	23.32	4.5	10.1	1	168
2003_1_leftfoot2.jpg	26.81	6.21	10.65	1	178
2003_1_leftfoot3.jpg	26.07	5.82	9.9	1	172
2003_1_leftfoot4.jpg	26.39	5.13	10.73	1	179
2003_1_leftfoot5.jpg	25.92	5.72	10.39	1	174
2003_1_leftfoot6.jpg	25.81	5.2	9.44	1	173
2003_1_leftfoot7.jpg	23.79	4.8	8.55	1	168
2003_1_leftfoot9.jpg	25.2	5.06	8.98	1	177
2003_1_leftfoot10.jpg	26.87	6.27	10.26	1	187.5
2003_1_leftfoot11.jpg	26.21	4.53	10.1	1	177
2003_1_leftfoot12.jpg	25.12	5.21	9.78	1	176
2003_1_leftfoot13.jpg	25.37	5.48	11.97	1	174
2003_1_leftfoot14.jpg	25.76	5.42	9.53	1	170
2003_1_leftfoot15.jpg	27.39	5.44	9.27	1	185
2003_1_leftfoot16.jpg	26.16	5.01	9.88	1	180
2003_1_leftfoot17.jpg	26.16	4.83	9.84	1	176
2003_1_leftfoot18.jpg	25.55	4.39	9.89	1	168
2003_1_leftfoot19.jpg	27.79	5.57	12.06	1	174
2003_1_leftfoot20.jpg	24.8	4.78	9.47	1	168
2003_1_leftfoot21.jpg	25.21	4.62	9.38	1	174
2003_1_leftfoot22.jpg	26.91	5.96	9.92	1	183
2003_1_leftfoot23.jpg	25.13	5.63	9.59	1	173.5
2003_1_leftfoot24.jpg	25.39	4.8	10.12	1	167
2003_1_leftfoot25.jpg	23.88	4.71	10.3	1	167
2003_1_leftfoot26.jpg	27.03	5.55	10.06	1	176
2003_1_leftfoot27.jpg	24.45	5.13	10.11	1	170
2003_1_leftfoot28.jpg	23.79	4.42	12.64	1	170
2003_1_leftfoot29.jpg	23.53	5	9.11	1	169
2003_1_leftfoot30.jpg	25.06	5.16	10.28	1	174
2003_1_leftfoot31.jpg	24.65	5.38	9.94	1	165
2003_1_leftfoot32.jpg	26.9	4.41	11.47	1	181
2003_1_leftfoot33.jpg	26.2	5.73	11.34	1	180
2003_1_leftfoot34.jpg	24.02	5.33	9.6	1	175
2003_1_leftfoot35.jpg	24.32	5.14	8.59	1	174
2003_1_leftfoot36.jpg	28.12	5.25	9.67	1	180
2003_1_leftfoot37.jpg	24.93	4.97	13.99	1	168
2003_1_leftfoot38.jpg	25.63	5.16	9.15	1	181
2003_1_leftfoot39.jpg	24.9	5.53	10.07	1	170
2003_1_leftfoot40.jpg	25.45	6.6	10.11	1	172
2003_1_leftfoot41.jpg	26.29	4.82	12.15	1	170
2003_1_leftfoot42.jpg	24.18	4.85	9.92	1	180
2003_1_leftfoot43.jpg	25.49	5.69	9.82	1	176
2003_1_leftfoot44.jpg	26.34	5.05	10.05	1	181
2003_1_leftfoot45.jpg	25.58	5.36	9.32	1	175
2003_1_leftfoot46.jpg	25.26	5.47	13.15	1	177
2003_1_leftfoot47.jpg	25.12	5.59	13.37	1	176
2003_1_leftfoot48.jpg	24.83	5.01	9.55	1	170
2003_1_leftfoot49.jpg	25.5	5.67	9.95	1	168
2003_1_leftfoot50.jpg	25.88	5.21	9.37	1	172
2003_1_leftfoot51.jpg	25.6	5.57	9.05	1	176
2003_1_leftfoot52.jpg	25.69	4.66	9.4	1	175
2003_1_leftfoot53.jpg	26.7	5.03	9.26	1	174
2003_1_leftfoot54.jpg	25.78	5.94	9.77	1	180
2003_1_leftfoot55.jpg	24.31	4.93	9.33	1	170
2003_1_leftfoot56.jpg	27.69	6.06	9.58	1	179
2003_1_leftfoot57.jpg	26.52	5.73	10.68	1	179
2003_1_leftfoot59.jpg	24.57	4.57	7.99	1	171
2003_1_leftfoot60.jpg	24.32	4.6	8.05	1	166
2003_1_leftfoot61.jpg	22.15	4.45	10.37	1	160
2003_1_leftfoot62.jpg	25.67	4.48	8.87	1	166
2003_1_leftfoot63.jpg	22.86	4.58	8.53	1	158
2003_1_leftfoot64.jpg	23.36	4.83	8.36	1	160
2003_1_leftfoot65.jpg	24.04	4.6	8.98	1	163
2003_1_leftfoot66.jpg	24.42	5.1	9.22	1	165
2003_1_leftfoot67.jpg	23.93	5.11	8.93	1	168
2003_1_leftfoot68.jpg	23.14	4.78	8.16	1	166
2003_1_leftfoot69.jpg	23.29	5.17	8.89	1	162
2003_1_leftfoot70.jpg	25.64	4.85	12.22	1	171
2003_1_leftfoot71.jpg	22.31	4.36	8.57	1	166
2003_1_leftfoot72.jpg	22.67	5.14	8.61	1	160
2003_1_leftfoot73.jpg	24.64	8.72	8.95	1	163
2003_1_leftfoot75.jpg	22.68	5	9.25	1	165
2003_1_leftfoot78.jpg	23.88	5.06	9.6	1	170
2003_1_leftfoot79.jpg	26.44	6.07	10.39	1	180
2003_1_leftfoot80.jpg	24.04	4.66	10.21	1	173.5
2003_1_leftfoot81.jpg	25.77	5.03	9.3	1	175
2003_1_leftfoot82.jpg	24.85	4.85	9.45	1	172
2003_1_leftfoot83.jpg	27.81	10.27	5.19	1	182
2003_1_leftfoot84.jpg	23.75	5.04	9.38	1	171
2003_1_leftfoot85.jpg	25.46	4.63	10.5	1	173
2003_1_leftfoot86.jpg	23.86	4.65	9.49	1	170
2003_1_leftfoot87.jpg	28.08	4.57	10.11	1	181
2003_1_leftfoot89.jpg	25.23	4.93	9.39	1	173
2003_1_leftfoot90.jpg	24.33	4.66	10.09	1	178
2003_1_leftfoot91.jpg	23.57	5.8	9.82	1	170
2003_1_leftfoot92.jpg	23.88	4.77	9.64	1	178
2003_1_leftfoot93.jpg	24.03	4.48	9.93	1	175
2003_1_leftfoot94.jpg	25.12	5.59	10.89	1	170
2003_1_leftfoot95.jpg	24.18	4.89	9.23	1	164
2003_1_leftfoot96.jpg	27.09	5.7	10.21	1	178
2003_1_leftfoot97.jpg	25.83	5.85	10.66	1	180
2003_1_leftfoot98.jpg	25.46	5.08	11.81	1	180
2003_1_leftfoot99.jpg	25.69	4.79	9.66	1	181
2003_1_leftfoot100.jpg	25.25	5.58	12.69	1	180
2003_1_leftfoot101.jpg	25.7	5.73	9.12	1	174
2003_1_leftfoot102.jpg	21.45	7.64	8.92	1	165
2003_1_leftfoot103.jpg	23.95	4.93	11.38	1	174
2003_1_leftfoot104.jpg	26.54	5.18	9.76	1	172
2003_1_leftfoot105.jpg	24.36	4.85	10.92	1	170
2003_1_leftfoot106.jpg	23.57	5.32	9.9	1	174
2003_1_leftfoot107.jpg	26.54	5.86	9.36	1	184
2003_1_leftfoot108.jpg	23.8	4.64	9.3	1	178
2003_1_leftfoot109.jpg	24.03	5.19	8.78	1	165
2003_1_leftfoot110.jpg	25.57	5.52	10.24	1	175
2003_1_leftfoot111.jpg	25.25	4.61	10.54	1	173.5
2003_1_leftfoot112.jpg	24.83	5.55	11.84	1	172
2003_1_leftfoot113.jpg	24.04	5.03	9.27	1	168
2003_1_leftfoot114.jpg	23.24	4.56	8.81	1	166
2003_1_leftfoot115.jpg	22.49	4.74	8.93	1	167
2003_1_leftfoot116.jpg	22.39	5.15	9.06	1	164
2003_1_leftfoot117.jpg	22.57	5.27	9.24	1	158
2003_1_leftfoot119.jpg	24.28	4.1	10.57	1	172
2003_1_leftfoot120.jpg	23.32	5.01	10.08	1	165
2003_1_leftfoot121.jpg	25.01	4.84	9.58	1	173
2003_1_leftfoot122.jpg	24.78	4.78	9.45	1	174
2003_1_leftfoot123.jpg	24.54	5.27	10.03	1	179
2003_1_leftfoot124.jpg	24.56	5.63	9.26	1	171
2003_1_leftfoot125.jpg	25.34	5.12	11.2	1	176
2003_1_leftfoot126.jpg	24.63	4.49	8.85	1	173
2003_1_leftfoot127.jpg	24.55	4.94	12.58	1	171
2003_1_leftfoot128.jpg	24.09	5.35	10.14	1	168
2003_1_leftfoot130.jpg	26.68	6.11	10.02	1	173
2003_1_leftfoot131.jpg	24.92	4.9	8.6	1	170
2003_1_leftfoot132.jpg	24.12	4.67	8.58	1	170
2003_1_leftfoot133.jpg	25.18	4.84	11.59	1	170
2003_1_leftfoot134.jpg	27.62	5.39	9.54	1	174
2003_1_leftfoot135.jpg	26.48	5.09	11.24	1	182
2003_1_leftfoot136.jpg	23.9	4.88	10.07	1	170
2003_1_leftfoot137.jpg	24.93	4.93	10.94	1	170
2003_1_leftfoot138.jpg	24.13	5.14	9.52	1	177
2003_1_leftfoot139.jpg	25.83	5.11	10.58	1	173
2003_1_leftfoot140.jpg	24.96	5.44	12.03	1	187
2003_1_leftfoot142.jpg	24.92	4.58	8.94	1	172
2003_1_leftfoot143.jpg	23.69	5.15	11.62	1	179
2003_1_leftfoot144.jpg	23.66	4.69	9	1	170
2003_1_leftfoot145.jpg	24.73	5.03	14.97	1	176
2003_1_leftfoot146.jpg	25.97	4.83	11.78	1	174
2003_1_leftfoot147.jpg	22.82	4.57	9.86	1	171
2003_1_leftfoot148.jpg	25.65	5.51	11.06	1	171
2003_1_leftfoot149.jpg	25.64	5.33	10.64	1	185
2003_1_leftfoot150.jpg	25.86	4.83	9.54	1	187
2003_1_leftfoot153.jpg	25.65	4.43	9.91	1	172.5
2003_1_leftfoot154.jpg	24.19	4.98	9.26	1	172
2003_1_leftfoot155.jpg	26.31	5.64	10.12	1	185
2003_2_leftfoot1.jpg	25.18	5.58	10.19	1	178
2003_2_leftfoot2.jpg	24.52	5.13	9.31	1	165
2003_2_leftfoot3.jpg	25.67	5.3	9.45	1	173
2003_2_leftfoot4.jpg	22.59	5.61	9.84	1	168
2003_2_leftfoot5.jpg	24.93	5.89	9.36	1	172
2003_2_leftfoot6.jpg	26.24	5.07	10.97	1	170
2003_2_leftfoot7.jpg	24.99	5.06	10.8	1	172
2003_2_leftfoot8.jpg	23.39	6.02	10.62	1	171
2003_2_leftfoot9.jpg	25.16	5.49	11.58	1	176
2003_2_leftfoot10.jpg	26.52	5.86	10.66	1	180
2003_2_leftfoot11.jpg	25.21	4.78	9.56	1	170
2003_2_leftfoot12.jpg	27.91	6.41	12.18	1	175
2003_2_leftfoot13.jpg	25.68	5.14	9.49	1	177
2003_2_leftfoot14.jpg	26.39	5.7	11.58	1	180
2003_2_leftfoot15.jpg	25.78	6.52	10.18	1	173
2003_2_leftfoot16.jpg	25.93	5.98	9.9	1	179
2003_2_leftfoot17.jpg	24.89	5	9.26	1	172
2003_2_leftfoot18.jpg	26.01	6.62	10.19	1	177
2003_2_leftfoot19.jpg	24.33	5.83	11.1	1	174
2003_2_leftfoot20.jpg	26.04	5.15	11.97	1	175
2003_2_leftfoot21.jpg	24.16	4.29	10.69	1	174
2003_2_leftfoot22.jpg	23.61	5.26	9.02	1	164
2003_2_leftfoot23.jpg	24.8	5.28	10	1	171
2003_2_leftfoot24.jpg	24.66	5.54	9.74	1	173
2003_2_leftfoot26.jpg	26.21	6.17	10.89	1	180
2003_2_leftfoot27.jpg	24.5	5.16	12	1	170
2003_2_leftfoot28.jpg	22.8	5.14	9.9	1	169
2003_2_leftfoot29.jpg	24.26	4.57	9.13	1	176
2003_2_leftfoot31.jpg	24.28	5.51	12.41	1	170
2003_2_leftfoot32.jpg	26.76	6.23	9.65	1	175
2003_2_leftfoot33.jpg	24.49	5.25	9.03	1	166
2003_2_leftfoot34.jpg	25.96	4.67	8.89	1	170
2003_2_leftfoot35.jpg	26.19	4.84	9.31	1	172
2003_2_leftfoot36.jpg	25.13	4.41	10.58	1	178
2003_2_leftfoot37.jpg	24.73	5.48	11.12	1	172
2003_2_leftfoot38.jpg	25.91	5.46	11.41	1	179
2003_2_leftfoot39.jpg	25.15	4.75	10.29	1	170
2003_2_leftfoot40.jpg	24.9	5.73	10.53	1	183
2003_2_leftfoot41.jpg	27.37	5.42	10.16	1	178
2003_2_leftfoot42.jpg	25.65	5.44	10.95	1	174
2003_2_leftfoot43.jpg	25.74	5.22	10.64	1	173
2003_2_leftfoot44.jpg	25.29	5.06	9.61	1	178
2003_2_leftfoot45.jpg	26.28	5.54	10.03	1	177
2003_2_leftfoot46.jpg	26.81	5.02	9.37	1	178
2003_2_leftfoot47.jpg	23.23	5.45	11.8	1	174
2003_2_leftfoot48.jpg	23.32	5.26	9.77	1	170
2003_2_leftfoot49.jpg	25.29	4.71	8.84	1	173
2003_2_leftfoot50.jpg	25.62	5.73	10.47	1	173
2003_2_leftfoot51.jpg	26.68	5.64	10.47	1	170
2003_2_leftfoot52.jpg	25.86	5.45	10.18	1	181
2003_2_leftfoot53.jpg	25.49	5.28	10.88	1	178
2003_3_leftfoot1.jpg	22.29	4.77	9.87	1	178
2003_3_leftfoot2.jpg	25.36	5.2	10.18	1	173
2003_3_leftfoot3.jpg	22.87	4.55	8.06	1	168
2003_3_leftfoot4.jpg	24.02	4.75	13.2	1	176
2003_3_leftfoot5.jpg	24.82	5.12	12.87	1	171
2003_3_leftfoot6.jpg	24.23	4.82	9.83	1	177
2003_3_leftfoot7.jpg	25.22	4.51	8.96	1	177
2003_3_leftfoot8.jpg	23.09	4.92	9.42	1	177
2003_3_leftfoot10.jpg	23.04	4.91	9.6	1	170
2003_3_leftfoot11.jpg	24.59	5.34	9.64	1	185
2003_3_leftfoot12.jpg	24.22	4.76	9.15	1	166
2003_3_leftfoot13.jpg	25.41	4.66	9.76	1	175
2003_3_leftfoot14.jpg	25.12	4.67	8.99	1	174
2003_3_leftfoot15.jpg	21.55	4.23	9.45	1	175
2003_3_leftfoot16.jpg	24.54	19.69	12.78	1	174
2003_3_leftfoot18.jpg	24.69	4.99	10.61	1	180
2003_3_leftfoot19.jpg	25.83	4.94	10.88	1	179
2003_3_leftfoot20.jpg	23.62	4.49	10.16	1	180
2003_3_leftfoot21.jpg	24.23	4.24	11.23	1	178
2003_3_leftfoot22.jpg	23.16	5.48	9.69	1	175
2003_3_leftfoot23.jpg	22.96	4.37	8.81	1	170
2003_3_leftfoot24.jpg	25.13	4.83	9.71	1	175
2003_3_leftfoot25.jpg	24.07	4.85	9.56	1	176
2003_3_leftfoot26.jpg	23.16	4.58	10.77	1	168
2003_3_leftfoot27.jpg	25.3	5.2	8.96	1	180
2003_3_leftfoot32.jpg	27.28	5.29	9.71	1	173
2003_3_leftfoot33.jpg	24.84	4.58	10.07	1	173
2003_3_leftfoot34.jpg	24.4	4.71	9.11	1	171.5
2003_3_leftfoot35.jpg	26.34	5.92	10.62	1	172
2003_3_leftfoot36.jpg	26.09	5.75	10.28	1	176
2003_3_leftfoot37.jpg	24.46	5.07	11.82	1	172
2003_3_leftfoot38.jpg	25.86	4.81	9.1	1	172.5
2003_3_leftfoot39.jpg	26.62	5.85	10.28	1	173
2003_3_leftfoot40.jpg	24.52	5.37	9.21	1	174
2003_3_leftfoot41.jpg	26.21	5.08	9.38	1	174
2003_3_leftfoot42.jpg	23.84	5.09	9.82	1	172
2003_3_leftfoot43.jpg	24.6	5.3	9.78	1	174.5
2003_3_leftfoot44.jpg	24.89	5.13	9.28	1	179
2003_3_leftfoot45.jpg	26.05	5.31	10.41	1	173
2003_3_leftfoot46.jpg	25.82	5.03	10.33	1	182
2003_3_leftfoot47.jpg	27.33	6.06	10.62	1	188
2003_3_leftfoot48.jpg	25.27	5.25	10.89	1	174
2003_3_leftfoot50.jpg	24.47	4.73	9.71	1	174
2003_3_leftfoot51.jpg	24.89	5.3	9.38	1	169
2003_3_leftfoot52.jpg	26.82	5.27	10.05	1	178
2003_4_leftfoot1.jpg	26.02	5.81	10.06	1	170
2003_4_leftfoot2.jpg	27.33	5.55	11.46	1	175
2003_4_leftfoot3.jpg	24.14	4.55	9.81	1	170
2003_4_leftfoot4.jpg	26.75	5.65	10.38	1	181
2003_4_leftfoot5.jpg	25.21	5.32	9.82	1	182
2003_4_leftfoot6.jpg	26.91	5.16	10.39	1	176
2003_4_leftfoot7.jpg	25.63	5.4	9.38	1	175
2003_4_leftfoot9.jpg	25.17	4.63	10.45	1	172
2003_4_leftfoot10.jpg	25.86	5.27	10.66	1	178
2003_4_leftfoot11.jpg	24.3	4.61	9.95	1	170
2003_4_leftfoot12.jpg	25.77	5.4	10.74	1	173
2003_4_leftfoot13.jpg	25.21	5.31	9.67	1	173
2003_4_leftfoot14.jpg	26.5	5.56	9.51	1	176
2003_4_leftfoot15.jpg	26.25	5.22	9.8	1	172
2003_4_leftfoot16.jpg	24.3	4.79	9.36	1	180
2003_4_leftfoot17.jpg	25.93	5.38	10.01	1	180
2003_4_leftfoot18.jpg	27.03	5.84	12.22	1	178
2003_4_leftfoot19.jpg	25.44	4.68	10.2	1	173
2003_4_leftfoot20.jpg	26.63	4.67	10.01	1	170
2003_4_leftfoot21.jpg	26.02	6.79	9.5	1	175
2003_4_leftfoot22.jpg	24.93	4.91	10.34	1	178
2003_4_leftfoot23.jpg	26.58	5.49	9.65	1	175
2003_4_leftfoot24.jpg	24.83	4.82	10.45	1	172
2003_4_leftfoot25.jpg	24.61	4.81	10.73	1	177
2003_4_leftfoot26.jpg	25.07	4.73	12.92	1	178
2003_4_leftfoot27.jpg	27.01	5.99	10.21	1	180
2003_4_leftfoot28.jpg	26.52	5.2	9.22	1	174
2003_4_leftfoot29.jpg	25.96	5.16	8.89	1	172
2003_4_leftfoot30.jpg	24.69	5.25	9.57	1	176
2003_4_leftfoot32.jpg	25.11	4.93	8.98	1	174
2003_4_leftfoot33.jpg	25.25	5.61	10.03	1	172
2003_4_leftfoot34.jpg	28.4	5.94	12.74	1	181
2003_4_leftfoot35.jpg	26.54	5.64	10.93	1	176
2003_4_leftfoot37.jpg	25.3	5.74	8.98	1	166
2003_4_leftfoot38.jpg	25.15	5.21	10.53	1	177
2005_1_leftfoot2.jpg	24.65	5.64	9.06	1	168
2005_1_leftfoot3.jpg	26.99	5.68	9.68	1	178
2005_1_leftfoot4.jpg	26.28	5.82	10.52	1	173
2005_1_leftfoot5.jpg	25.25	3.87	9.21	1	170
2005_1_leftfoot6.jpg	23.42	5.02	8.98	1	168
2005_1_leftfoot7.jpg	26.4	5.28	9.36	1	177
2005_1_leftfoot8.jpg	26.29	5.5	9.97	1	175
2005_1_leftfoot9.jpg	24.8	5	9.17	1	168
2005_1_leftfoot10.jpg	25.77	5.75	10.45	1	175
2005_1_leftfoot11.jpg	27.53	6.23	9.92	1	170
2005_1_leftfoot12.jpg	24.37	14.9	8.43	1	168
2005_1_leftfoot13.jpg	26.63	5.88	9.34	1	173
2005_1_leftfoot14.jpg	24.66	5.07	11.48	1	174.5
2005_1_leftfoot15.jpg	25.21	5.16	9.26	1	173
2005_1_leftfoot16.jpg	24.5	5.65	10.18	1	173
2005_1_leftfoot17.jpg	25.6	5.73	9.28	1	177
2005_1_leftfoot18.jpg	24.4	4.79	9.4	1	173
2005_1_leftfoot19.jpg	27.34	5.41	9.73	1	180
2005_1_leftfoot20.jpg	27.18	5.58	9.78	1	178
2005_1_leftfoot21.jpg	27.48	5.12	10.17	1	185
2005_1_leftfoot22.jpg	25.87	4.73	9.55	1	175
2005_1_leftfoot23.jpg	26.96	4.82	9.17	1	181
2005_1_leftfoot24.jpg	24.96	4.72	12.61	1	171
2005_1_leftfoot25.jpg	23.72	4.87	9	1	171
2005_1_leftfoot26.jpg	24.98	5.05	9.08	1	171
2005_1_leftfoot27.jpg	24.98	5.41	9.42	1	173
2005_1_leftfoot28.jpg	25.21	5.33	10.83	1	169
2005_1_leftfoot29.jpg	26.85	5.58	10.14	1	175
2005_1_leftfoot30.jpg	22.58	4.8	8.56	1	164
2005_1_leftfoot31.jpg	23.41	4.46	8.58	1	169
2005_1_leftfoot32.jpg	23.79	4.29	9.1	1	162
2005_1_leftfoot33.jpg	22.77	4.32	8.11	1	160
2005_1_leftfoot34.jpg	22.58	4.06	8.61	1	164
2005_1_leftfoot36.jpg	26.76	5.55	10.92	1	180
2005_1_leftfoot37.jpg	23.8	5.32	8.99	1	175
2005_1_leftfoot38.jpg	25.6	4.7	9.95	1	175
2005_1_leftfoot39.jpg	22.49	4.07	7.92	1	170
2005_1_leftfoot40.jpg	24.65	3.86	9.23	1	170
2005_1_leftfoot41.jpg	24.17	4.93	9.6	1	177
2005_1_leftfoot42.jpg	24.71	9.91	15.58	1	170
2005_1_leftfoot43.jpg	24.84	5.28	9.87	1	175
2005_1_leftfoot44.jpg	24.89	5.17	12.26	1	171
2005_1_leftfoot45.jpg	25.73	5.04	9.68	1	181
2005_1_leftfoot46.jpg	25.22	5.18	9.62	1	174
2005_1_leftfoot47.jpg	23.72	5.26	9.73	1	172
2005_1_leftfoot48.jpg	25.18	5.21	10.43	1	176
2005_1_leftfoot49.jpg	25.65	5.27	11.34	1	176
2005_1_leftfoot50.jpg	24.59	5.04	9.72	1	169
2005_1_leftfoot51.jpg	26.52	5.35	9.42	1	177
2005_1_leftfoot52.jpg	25.02	4.65	9.91	1	170
2005_1_leftfoot53.jpg	25.45	5.01	10.02	1	180
2005_1_leftfoot54.jpg	24.28	4.93	10.13	1	178
2005_1_leftfoot56.jpg	25.04	5.33	10.18	1	177
2005_1_leftfoot57.jpg	25.16	4.79	9.99	1	170
2005_1_leftfoot58.jpg	25.92	4.82	9.67	1	176
2005_1_leftfoot59.jpg	25.62	4.94	8.96	1	179
2005_1_leftfoot60.jpg	26.8	5.41	9.75	1	183
2005_1_leftfoot61.jpg	24.3	5.05	11.22	1	170
2005_1_leftfoot62.jpg	23.13	4.75	9	1	170
2005_1_leftfoot63.jpg	23.66	4.82	9.63	1	170
2005_1_leftfoot64.jpg	25.13	5.53	10.84	1	169
2005_1_leftfoot66.jpg	24.38	5.01	8.24	1	170
2005_1_leftfoot67.jpg	25.36	4.63	9.54	1	170
2005_1_leftfoot68.jpg	25.59	5.19	8.82	1	172
2005_1_leftfoot69.jpg	24.32	4.69	12.41	1	177
2005_1_leftfoot70.jpg	24.17	5.42	10.38	1	174
2005_1_leftfoot71.jpg	24.22	5.02	9.8	1	172
2005_1_leftfoot72.jpg	26.86	5.79	9.86	1	172
2005_1_leftfoot73.jpg	25.31	5.27	9.52	1	173
2005_1_leftfoot74.jpg	25.12	5.97	9.88	1	172
2005_1_leftfoot75.jpg	25.84	5.12	11.5	1	175
2005_1_leftfoot76.jpg	26.14	5.42	12.8	1	170
2005_1_leftfoot77.jpg	24.26	4.64	8.76	1	170
2005_1_leftfoot78.jpg	24.4	5.16	10.93	1	170
2005_1_leftfoot79.jpg	25.16	4.67	9.19	1	175
2005_1_leftfoot80.jpg	24.16	5.53	9.5	1	175
2005_1_leftfoot83.jpg	22.56	4.6	9	1	165
2005_1_leftfoot84.jpg	25.97	5.9	11.7	1	173
2005_1_leftfoot85.jpg	25.64	5.08	11.6	1	178
2005_1_leftfoot86.jpg	23.63	4.12	9.71	1	166
2005_1_leftfoot87.jpg	26.3	5.06	11.27	1	172
2005_1_leftfoot88.jpg	24.99	5.17	11.08	1	172
2005_1_leftfoot89.jpg	23.6	4.55	10.41	1	172
2005_1_leftfoot90.jpg	24.3	4.63	11.62	1	170
2005_1_leftfoot91.jpg	25.91	5.45	9.55	1	174
2005_1_leftfoot93.jpg	26.44	4.9	10.54	1	173
2005_1_leftfoot95.jpg	24.65	4.67	8.7	1	170
2005_1_leftfoot96.jpg	24.21	4.92	9.08	1	169
2005_1_leftfoot97.jpg	26.47	5.83	9.35	1	178
2005_1_leftfoot99.jpg	24.64	5.55	11.66	1	180
2005_1_leftfoot100.jpg	25.82	5.16	10.7	1	176
2005_1_leftfoot101.jpg	26.66	5.66	9.8	1	181
2005_1_leftfoot102.jpg	26.19	6.15	9.59	1	173
2005_1_leftfoot103.jpg	25.39	5.16	10.27	1	172
2005_1_leftfoot105.jpg	24.22	4.27	8.86	1	162
2005_1_leftfoot106.jpg	24.37	4.97	9.29	1	166
2005_1_leftfoot107.jpg	26.57	5.5	10.03	1	177
2005_1_leftfoot108.jpg	25.26	4.36	10.78	1	179
2005_1_leftfoot109.jpg	25.62	4.6	9.44	1	165
2005_1_leftfoot110.jpg	24.16	5.7	9.69	1	173
2005_1_leftfoot111.jpg	23.69	4.76	9.75	1	170
2005_1_leftfoot112.jpg	25.21	4.48	9.34	1	173
2005_1_leftfoot113.jpg	24.63	5.16	9.89	1	176
2005_1_leftfoot114.jpg	25.37	5.39	9.55	1	175
2005_1_leftfoot115.jpg	25.37	5.78	10.65	1	171
2005_1_leftfoot117.jpg	26.66	5.68	9.49	1	171
2005_1_leftfoot118.jpg	26.05	5.23	10.67	1	175
2005_1_leftfoot121.jpg	26.87	5.1	9.98	1	173
2005_2_leftfoot1.jpg	26.47	6.04	9.74	1	174
2005_2_leftfoot2.jpg	25.41	5.16	9.1	1	168
2005_2_leftfoot3.jpg	25.82	5.75	10.11	1	177
2005_2_leftfoot4.jpg	25.45	6.09	9.61	1	170
2005_2_leftfoot5.jpg	25.4	4.67	9.74	1	175
2005_2_leftfoot6.jpg	24.31	5.34	11.64	1	170
2005_2_leftfoot7.jpg	26.49	5.6	10.64	1	175
2005_2_leftfoot8.jpg	24.77	4.65	9.8	1	183
2005_2_leftfoot10.jpg	27.67	5.53	9.53	1	160
2005_2_leftfoot11.jpg	23.01	4.65	8.76	1	162
2005_2_leftfoot12.jpg	23.69	4.68	8.98	1	165
2005_2_leftfoot13.jpg	22.44	4.86	8.25	1	160
2005_2_leftfoot16.jpg	23.49	3.93	8.95	1	165
2005_2_leftfoot17.jpg	23.83	4.96	9.36	1	178
2005_2_leftfoot18.jpg	24.61	5.81	10.22	1	173
2005_2_leftfoot19.jpg	24.43	4.79	9.82	1	183
2005_2_leftfoot20.jpg	24.77	5.68	10.88	1	170
2005_2_leftfoot21.jpg	24.21	4.74	9.68	1	172
2005_2_leftfoot22.jpg	25.64	5.79	10.77	1	182
2005_2_leftfoot23.jpg	23	5.01	9.36	1	170
2005_2_leftfoot24.jpg	25.01	5.28	10.04	1	174
2005_2_leftfoot25.jpg	24.23	5	9.77	1	173
2005_2_leftfoot27.jpg	24.61	5.48	8.65	1	179
2005_2_leftfoot28.jpg	24.99	5.31	9.53	1	183
2005_2_leftfoot30.jpg	25.27	5.02	11.41	1	172
2005_2_leftfoot32.jpg	25.59	6.03	9.82	1	180
2005_2_leftfoot33.jpg	25.12	5.09	9.88	1	170
2005_2_leftfoot34.jpg	25.82	5.39	10.57	1	171
2005_2_leftfoot35.jpg	26.25	5.28	10.31	1	183
2005_2_leftfoot36.jpg	23.03	4.41	8.89	1	171
2005_2_leftfoot38.jpg	25.03	4.76	10.17	1	177
2005_2_leftfoot39.jpg	27.29	5.15	9.69	1	180
2005_2_leftfoot40.jpg	25.2	5.07	9.89	1	170
2005_2_leftfoot41.jpg	24.27	4.48	11.28	1	171.5
2005_2_leftfoot42.jpg	23.24	5.52	12.72	1	167
2005_2_leftfoot44.jpg	26.19	5.74	9.57	1	170
2005_2_leftfoot45.jpg	24.14	4.92	9.34	1	168
2005_2_leftfoot46.jpg	24.13	4.91	9.65	1	179
2005_2_leftfoot47.jpg	25.35	4.93	9.85	1	172
2005_2_leftfoot49.jpg	24.6	5.01	9.32	1	171
2005_2_leftfoot51.jpg	26.72	5.56	10.33	1	172
2005_2_leftfoot55.jpg	24.19	6.46	9.99	1	172
2005_2_leftfoot56.jpg	24.71	5.84	10.83	1	166
2005_2_leftfoot57.jpg	24.71	5.84	10.83	1	170
2005_2_leftfoot58.jpg	25.77	5.22	11.47	1	172
2005_2_leftfoot59.jpg	28.35	4.8	11.3	1	180
2005_2_leftfoot60.jpg	24.79	4.93	12.74	1	175
2005_2_leftfoot62.jpg	24.73	4.43	13.33	1	178
2005_2_leftfoot63.jpg	25.04	4.93	10.67	1	170
2006_leftfoot2.jpg	22.87	5.06	9.27	1	160
2006_leftfoot3.jpg	24.4	5.42	9.99	1	176
2006_leftfoot5.jpg	23.9	5.14	9.65	1	170
2006_leftfoot6.jpg	25.16	4.13	10.27	1	176
2006_leftfoot7.jpg	25.43	11.12	7.12	1	164
2006_leftfoot8.jpg	24.66	5.33	9.73	1	176
2006_leftfoot9.jpg	23.48	4.85	11.69	1	170
2006_leftfoot10.jpg	25.34	5.23	9.18	1	172
2006_leftfoot11.jpg	25.77	4.92	8.92	1	173
2006_leftfoot12.jpg	25.35	5.07	9.93	1	170
2006_leftfoot13.jpg	22.91	4.51	9.79	1	172
2006_leftfoot14.jpg	25.23	5.62	10.3	1	176
2006_leftfoot15.jpg	24.8	5.49	10.02	1	181
2006_leftfoot16.jpg	24.64	5.72	8.92	1	175
2006_leftfoot17.jpg	24.66	4.94	9.09	1	170
2006_leftfoot18.jpg	26.34	4.88	9.33	1	180
2006_leftfoot19.jpg	23.44	8.88	11.8	1	170
2006_leftfoot20.jpg	26.2	4.9	10.3	1	178
2006_leftfoot21.jpg	25.01	4.14	9.91	1	181
2006_leftfoot23.jpg	25.74	5.78	10.38	1	182
2006_leftfoot24.jpg	24.41	5.18	9.23	1	175
2006_leftfoot25.jpg	24.19	5.85	9.69	1	171
2006_leftfoot26.jpg	24.5	5.26	9.27	1	178
2006_leftfoot27.jpg	22.39	4.66	9.75	1	165
2006_leftfoot28.jpg	23.85	4.73	9.88	1	173
2006_leftfoot29.jpg	23.8	5.45	10.17	1	170
2006_leftfoot30.jpg	23.8	5.86	11.36	1	172
2006_leftfoot31.jpg	26.11	5.05	12.1	1	179
2006_leftfoot32.jpg	26.04	5.64	10.35	1	176
2006_leftfoot33.jpg	21.87	4.21	7.95	1	158
2006_leftfoot35.jpg	27.28	5.53	9.98	1	178
2006_leftfoot36.jpg	22.72	4.58	7.67	1	163
2006_leftfoot37.jpg	23.57	4.46	9	1	167
2006_leftfoot38.jpg	24.8	5.72	9.88	1	178
2006_leftfoot40.jpg	25.6	4.98	11.36	1	174
2006_leftfoot41.jpg	26.72	5.95	9.77	1	174
2006_leftfoot42.jpg	24.33	5.29	9.93	1	170
2006_leftfoot44.jpg	23.11	5.45	9.09	1	160
2006_leftfoot45.jpg	23.99	5.92	9.77	1	158
2006_leftfoot46.jpg	27.29	5.68	10.14	1	185
2006_leftfoot47.jpg	24.92	5.23	9.63	1	178
2006_leftfoot48.jpg	23.98	5.5	11.84	1	174
2006_leftfoot49.jpg	26.09	17.5	12.15	1	176
2006_leftfoot50.jpg	25.15	4.73	11.63	1	178
2006_leftfoot51.jpg	22.44	5.23	9.75	1	161
2006_leftfoot52.jpg	27.41	6.22	9.98	1	177
2006_leftfoot53.jpg	23.44	4.74	9.81	1	169
2006_leftfoot54.jpg	22.77	4.71	8.27	1	161
2006_leftfoot55.jpg	25.51	6.23	9.96	1	174
2006_leftfoot56.jpg	27.57	5.27	10.91	1	174
2006_leftfoot57.jpg	25.82	6.23	10.05	1	176
2006_leftfoot58.jpg	23.94	5.11	9.65	1	166
2006_leftfoot59.jpg	25.73	4.64	10.5	1	173
2006_leftfoot60.jpg	24.22	4.89	8.56	1	162
2006_leftfoot61.jpg	26.09	5.9	9.98	1	172
2006_leftfoot62.jpg	27.48	5.54	11.1	1	180
2006_leftfoot64.jpg	26.29	5.45	9.81	1	169
2006_leftfoot66.jpg	26.07	5.91	13.05	1	175
2006_leftfoot67.jpg	24.37	4.72	10.14	1	172
2006_leftfoot68.jpg	26.12	4.83	8.99	1	181
2006_leftfoot70.jpg	26.31	5.42	10.5	1	179
2015_leftfoot1.jpg	21.41	3.99	8.78	1	165
2015_leftfoot2.jpg	26.44	5.58	9.61	1	180
2015_leftfoot3.jpg	26.07	5.3	10.03	1	176
2015_leftfoot4.jpg	26.02	5.99	10.31	1	169
2015_leftfoot5.jpg	26.61	5.17	10.08	1	170
2015_leftfoot6.jpg	25.51	6.26	12.48	1	171
2015_leftfoot7.jpg	24.04	4.29	8.9	1	170
2015_leftfoot8.jpg	24.36	4.69	9.52	1	165
2015_leftfoot9.jpg	25.6	4.84	8.88	1	165
2015_leftfoot10.jpg	25.95	4.89	9.61	1	175
2015_leftfoot11.jpg	25.4	4.27	9.75	1	175
2015_leftfoot12.jpg	25.31	4.87	10.78	1	177.5
2015_leftfoot14.jpg	22.77	4.82	8.76	1	173
2015_leftfoot15.jpg	25.67	5.24	11.15	1	176
2015_leftfoot16.jpg	23.19	4.83	9.36	1	165
2015_leftfoot17.jpg	24.21	4.75	9.36	1	168
2015_leftfoot18.jpg	24.22	5.01	10.95	1	171
2015_leftfoot19.jpg	23.58	8.53	10.54	1	166
2015_leftfoot20.jpg	25.91	5.78	9.68	1	179
2015_leftfoot21.jpg	25.74	5.57	9.5	1	178
2015_leftfoot22.jpg	24.55	5.25	10.49	1	180
2015_leftfoot23.jpg	24.57	4.78	9.46	1	168
2015_leftfoot24.jpg	22.67	4.27	11.84	1	170
2015_leftfoot25.jpg	23.6	4.71	9.02	1	171
2015_leftfoot27.jpg	23.83	4.49	9.69	1	171
2015_leftfoot28.jpg	24.64	15.22	8.18	1	166
2015_leftfoot29.jpg	23.6	4.99	12.12	1	175
2015_leftfoot30.jpg	24.88	5.82	9.34	1	177
2015_leftfoot31.jpg	24.98	5.88	9.34	1	175
2015_leftfoot32.jpg	25.37	4.94	9.59	1	173
2015_leftfoot33.jpg	25.32	5.02	9.57	1	168
2015_leftfoot34.jpg	25.11	4.66	9.06	1	168
2015_leftfoot37.jpg	24.46	4.98	9.23	1	173
2015_leftfoot40.jpg	23.22	4.7	10.1	1	176
2015_leftfoot41.jpg	22.28	4.45	8.73	1	159
2003_1_rightfoot1.jpg	23.39	4.41	8.5	2	168
2003_1_rightfoot2.jpg	26.53	6.98	9.28	2	178
2003_1_rightfoot3.jpg	25.49	5.59	9.85	2	172
2003_1_rightfoot4.jpg	26.24	18.77	13.26	2	179
2003_1_rightfoot5.jpg	25.81	5.61	9.93	2	174
2003_1_rightfoot6.jpg	25.7	5.21	9.99	2	173
2003_1_rightfoot7.jpg	23.66	5.27	8.52	2	168
2003_1_rightfoot9.jpg	26.04	5.3	9.12	2	177
2003_1_rightfoot10.jpg	27.79	6.23	10.85	2	187.5
2003_1_rightfoot11.jpg	25.6	4.38	9.95	2	177
2003_1_rightfoot12.jpg	25.17	4.91	9.61	2	176
2003_1_rightfoot13.jpg	25.81	4.95	10.34	2	174
2003_1_rightfoot14.jpg	25.49	5.68	9.41	2	170
2003_1_rightfoot15.jpg	26.76	5.68	9.39	2	185
2003_1_rightfoot16.jpg	26.39	4.62	9.85	2	180
2003_1_rightfoot17.jpg	25.58	5.03	12.14	2	176
2003_1_rightfoot18.jpg	24.94	4.72	9.36	2	168
2003_1_rightfoot19.jpg	25.78	6	13.65	2	174
2003_1_rightfoot20.jpg	25.4	4.99	9.83	2	168
2003_1_rightfoot21.jpg	24.77	4.37	12.13	2	174
2003_1_rightfoot22.jpg	27.2	5.88	9.9	2	183
2003_1_rightfoot23.jpg	24.9	5.27	9.88	2	173.5
2003_1_rightfoot24.jpg	25.07	5	10.53	2	167
2003_1_rightfoot25.jpg	24.12	4.43	8.54	2	167
2003_1_rightfoot26.jpg	25.84	5.54	9.89	2	176
2003_1_rightfoot27.jpg	24.77	5.16	10.21	2	170
2003_1_rightfoot28.jpg	23.49	4.59	11.79	2	170
2003_1_rightfoot29.jpg	23.8	4.44	9.47	2	169
2003_1_rightfoot30.jpg	24.59	5.37	9.19	2	174
2003_1_rightfoot31.jpg	24.96	4.96	9.92	2	165
2003_1_rightfoot32.jpg	26.44	4.62	10.86	2	181
2003_1_rightfoot33.jpg	25.73	9.95	9.52	2	180
2003_1_rightfoot34.jpg	24.9	5.56	10.23	2	175
2003_1_rightfoot35.jpg	23.42	5.65	10.2	2	174
2003_1_rightfoot36.jpg	27.53	4.98	10.47	2	180
2003_1_rightfoot37.jpg	25.36	4.59	12.86	2	168
2003_1_rightfoot38.jpg	25.29	4.91	10.21	2	181
2003_1_rightfoot39.jpg	24.93	5.49	9.8	2	170
2003_1_rightfoot40.jpg	24.98	6.01	10.93	2	172
2003_1_rightfoot41.jpg	25.6	4.9	9.95	2	170
2003_1_rightfoot42.jpg	24.79	5.51	9.64	2	180
2003_1_rightfoot43.jpg	25.58	5.77	9.64	2	176
2003_1_rightfoot44.jpg	26.44	9.09	8.84	2	181
2003_1_rightfoot45.jpg	24.55	6.3	9.98	2	175
2003_1_rightfoot46.jpg	25.03	5.55	12.09	2	177
2003_1_rightfoot47.jpg	24.96	4.66	10.27	2	176
2003_1_rightfoot48.jpg	24.75	5.14	10.5	2	170
2003_1_rightfoot49.jpg	25.41	5.15	10.66	2	168
2003_1_rightfoot50.jpg	24.63	17.2	11.92	2	172
2003_1_rightfoot51.jpg	25.73	4.93	9.6	2	176
2003_1_rightfoot52.jpg	25.67	4.97	9.16	2	175
2003_1_rightfoot53.jpg	26.17	4.9	10.21	2	174
2003_1_rightfoot54.jpg	24.32	5.53	9.23	2	180
2003_1_rightfoot55.jpg	24.05	4.6	11.37	2	170
2003_1_rightfoot56.jpg	27.86	5.92	9.76	2	179
2003_1_rightfoot57.jpg	25.79	5.58	10.33	2	179
2003_1_rightfoot59.jpg	23.37	4.5	8.58	2	171
2003_1_rightfoot60.jpg	24.37	4.58	8.19	2	166
2003_1_rightfoot61.jpg	22.57	4.64	9.62	2	160
2003_1_rightfoot62.jpg	25.74	4.91	8.82	2	166
2003_1_rightfoot63.jpg	21.51	4.64	8.58	2	158
2003_1_rightfoot64.jpg	23.29	4.5	7.86	2	160
2003_1_rightfoot65.jpg	24.27	4.71	9	2	163
2003_1_rightfoot66.jpg	24.52	4.8	8.96	2	165
2003_1_rightfoot67.jpg	23.49	4.97	8.77	2	168
2003_1_rightfoot68.jpg	22.09	4.69	8.12	2	166
2003_1_rightfoot69.jpg	23.38	5.33	8.91	2	162
2003_1_rightfoot70.jpg	25.79	4.98	11.94	2	171
2003_1_rightfoot71.jpg	22.87	5.26	8.57	2	166
2003_1_rightfoot72.jpg	22.73	5.28	8.55	2	160
2003_1_rightfoot73.jpg	24.6	6.5	8.85	2	163
2003_1_rightfoot75.jpg	23.11	5.33	8.87	2	165
2003_1_rightfoot78.jpg	23.77	4.75	10.34	2	170
2003_1_rightfoot79.jpg	27.25	5.59	10.02	2	180
2003_1_rightfoot80.jpg	23.79	4.79	9.38	2	173.5
2003_1_rightfoot81.jpg	25.73	5.12	9.31	2	175
2003_1_rightfoot82.jpg	24.41	4.7	8.89	2	172
2003_1_rightfoot83.jpg	27.29	9.77	5.17	2	182
2003_1_rightfoot84.jpg	23.49	5.02	9.26	2	171
2003_1_rightfoot85.jpg	25.03	5.02	9.38	2	173
2003_1_rightfoot86.jpg	23.11	4.86	9.17	2	170
2003_1_rightfoot87.jpg	27.75	4.95	12.87	2	181
2003_1_rightfoot89.jpg	24.64	4.89	9.48	2	173
2003_1_rightfoot90.jpg	24.5	4.7	9.96	2	178
2003_1_rightfoot91.jpg	24.02	5.28	10	2	170
2003_1_rightfoot92.jpg	24.37	4.96	9.65	2	178
2003_1_rightfoot93.jpg	24.03	5.09	9.35	2	175
2003_1_rightfoot94.jpg	24.47	5.53	10.99	2	170
2003_1_rightfoot95.jpg	23.22	5.18	9.21	2	164
2003_1_rightfoot96.jpg	27.19	5.57	10.04	2	178
2003_1_rightfoot97.jpg	25.46	5.17	10.54	2	180
2003_1_rightfoot98.jpg	27	5.39	12.24	2	180
2003_1_rightfoot99.jpg	25.11	5.2	9.55	2	181
2003_1_rightfoot100.jpg	25.07	5.25	9.77	2	180
2003_1_rightfoot101.jpg	25.18	5.44	9.03	2	174
2003_1_rightfoot102.jpg	22.22	4.83	9.74	2	165
2003_1_rightfoot103.jpg	23.55	5.18	10.86	2	174
2003_1_rightfoot104.jpg	25.37	4.85	9.95	2	172
2003_1_rightfoot105.jpg	23.94	4.39	9.95	2	170
2003_1_rightfoot106.jpg	23.29	5.55	10.25	2	174
2003_1_rightfoot107.jpg	27.08	6.16	12.48	2	184
2003_1_rightfoot108.jpg	24.16	5.05	8.66	2	178
2003_1_rightfoot109.jpg	24.14	4.77	9.34	2	165
2003_1_rightfoot110.jpg	24.96	5.03	11.55	2	175
2003_1_rightfoot111.jpg	24.66	4.51	9.33	2	173.5
2003_1_rightfoot112.jpg	24.56	5.61	13.64	2	172
2003_1_rightfoot113.jpg	23.79	4.74	9.28	2	168
2003_1_rightfoot114.jpg	23.05	4.29	7.73	2	166
2003_1_rightfoot115.jpg	22.64	4.52	8.99	2	167
2003_1_rightfoot116.jpg	22.42	5.04	8.72	2	164
2003_1_rightfoot117.jpg	22.44	5.77	9.39	2	158
2003_1_rightfoot119.jpg	24.3	4.45	10.13	2	172
2003_1_rightfoot120.jpg	22.19	4.81	10.47	2	165
2003_1_rightfoot121.jpg	24.57	5.18	9.4	2	173
2003_1_rightfoot122.jpg	24.41	4.5	9.45	2	174
2003_1_rightfoot123.jpg	24.78	5.16	10.09	2	179
2003_1_rightfoot124.jpg	23.7	5.66	8.71	2	171
2003_1_rightfoot125.jpg	25.88	5.37	13.2	2	176
2003_1_rightfoot126.jpg	23.9	4.43	9.2	2	173
2003_1_rightfoot127.jpg	24.51	5.01	11.51	2	171
2003_1_rightfoot128.jpg	23.88	4.99	9.49	2	168
2003_1_rightfoot130.jpg	26.21	5.86	9.14	2	173
2003_1_rightfoot131.jpg	24.46	4.56	8.42	2	170
2003_1_rightfoot132.jpg	23.81	4.63	8.79	2	170
2003_1_rightfoot133.jpg	24.47	4.78	9.28	2	170
2003_1_rightfoot134.jpg	27.32	5.55	9.73	2	174
2003_1_rightfoot135.jpg	26.75	5.79	9.86	2	182
2003_1_rightfoot136.jpg	24.85	4.98	11.21	2	170
2003_1_rightfoot137.jpg	24.69	5.19	9.51	2	170
2003_1_rightfoot138.jpg	24.5	5.25	9.52	2	177
2003_1_rightfoot139.jpg	26.14	5.29	14.12	2	173
2003_1_rightfoot140.jpg	24.4	5.22	10.19	2	187
2003_1_rightfoot142.jpg	24.3	4.8	10.73	2	172
2003_1_rightfoot143.jpg	25.26	5.26	11.22	2	179
2003_1_rightfoot144.jpg	23.53	4.54	9.15	2	170
2003_1_rightfoot145.jpg	24.24	4.92	9.69	2	176
2003_1_rightfoot146.jpg	25.49	4.87	10.03	2	174
2003_1_rightfoot147.jpg	23.14	5.12	10.01	2	171
2003_1_rightfoot148.jpg	25.23	4.8	9.86	2	171
2003_1_rightfoot149.jpg	25.95	5.56	10.39	2	185
2003_1_rightfoot150.jpg	25.57	5.41	11.01	2	187
2003_1_rightfoot153.jpg	25.44	4.86	8.94	2	172.5
2003_1_rightfoot154.jpg	24.52	4.77	9.46	2	172
2003_1_rightfoot155.jpg	26.8	5.17	9.74	2	185
2003_2_rightfoot1.jpg	25.06	5.78	9.88	2	178
2003_2_rightfoot2.jpg	24.9	4.84	9.42	2	165
2003_2_rightfoot3.jpg	24.71	4.89	9.33	2	173
2003_2_rightfoot4.jpg	22.14	5.84	9.38	2	168
2003_2_rightfoot5.jpg	24.83	4.88	10.01	2	172
2003_2_rightfoot6.jpg	26.06	5.77	11.97	2	170
2003_2_rightfoot7.jpg	25.18	5.29	9	2	172
2003_2_rightfoot8.jpg	23.55	5.53	9.6	2	171
2003_2_rightfoot9.jpg	25.04	5.25	11.14	2	176
2003_2_rightfoot10.jpg	26.31	5.64	12.26	2	180
2003_2_rightfoot11.jpg	24.51	4.67	9.22	2	170
2003_2_rightfoot12.jpg	27.03	5.66	11.24	2	175
2003_2_rightfoot13.jpg	23.95	5.58	10.88	2	177
2003_2_rightfoot14.jpg	25.23	5.06	9.86	2	180
2003_2_rightfoot15.jpg	25.31	5.93	9.5	2	173
2003_2_rightfoot16.jpg	25.18	5.41	12.33	2	179
2003_2_rightfoot17.jpg	24.24	5	13.93	2	172
2003_2_rightfoot18.jpg	25.76	6.63	10.15	2	177
2003_2_rightfoot19.jpg	24.54	6.2	10.45	2	174
2003_2_rightfoot20.jpg	25.83	4.63	9.99	2	175
2003_2_rightfoot21.jpg	25.5	5.47	9.56	2	174
2003_2_rightfoot22.jpg	23.95	4.97	9.02	2	164
2003_2_rightfoot23.jpg	23.86	5.57	9.5	2	171
2003_2_rightfoot24.jpg	25.02	5.5	9.58	2	173
2003_2_rightfoot26.jpg	26.2	5.85	10.08	2	180
2003_2_rightfoot27.jpg	24.85	5.5	9.6	2	170
2003_2_rightfoot28.jpg	22.99	4.89	10.38	2	169
2003_2_rightfoot29.jpg	24.64	4.77	9.16	2	176
2003_2_rightfoot31.jpg	24.36	5.65	14.9	2	170
2003_2_rightfoot32.jpg	27.14	5.73	9.54	2	175
2003_2_rightfoot33.jpg	24.23	4.7	9.27	2	166
2003_2_rightfoot34.jpg	25.81	5.74	10.12	2	170
2003_2_rightfoot35.jpg	26.33	5.56	8.98	2	172
2003_2_rightfoot36.jpg	24.8	5.3	9.69	2	178
2003_2_rightfoot37.jpg	23.96	6.04	9.19	2	172
2003_2_rightfoot38.jpg	26.05	5.46	10.02	2	179
2003_2_rightfoot39.jpg	25.16	5.5	10.18	2	170
2003_2_rightfoot40.jpg	25.29	6.03	9.96	2	183
2003_2_rightfoot41.jpg	25.18	5.56	9.39	2	178
2003_2_rightfoot42.jpg	27.74	5.54	10.55	2	174
2003_2_rightfoot43.jpg	25.48	5.69	9.37	2	173
2003_2_rightfoot44.jpg	25.16	4.89	9.84	2	178
2003_2_rightfoot45.jpg	25.86	5.5	10.04	2	177
2003_2_rightfoot46.jpg	26.97	5.55	11.43	2	178
2003_2_rightfoot47.jpg	23.62	5.52	9.99	2	174
2003_2_rightfoot48.jpg	23.32	5.29	10.01	2	170
2003_2_rightfoot49.jpg	25.34	4.75	8.94	2	173
2003_2_rightfoot50.jpg	26	5.03	12.12	2	173
2003_2_rightfoot51.jpg	26.19	6.04	9.9	2	170
2003_2_rightfoot52.jpg	26.2	5.32	10.4	2	181
2003_2_rightfoot53.jpg	24.69	5.23	9.83	2	178
2003_3_rightfoot1.jpg	22.35	4.81	9.87	2	178
2003_3_rightfoot2.jpg	25.72	4.86	10.18	2	173
2003_3_rightfoot3.jpg	22.81	4.71	8.06	2	168
2003_3_rightfoot4.jpg	24.12	4.54	13.2	2	176
2003_3_rightfoot5.jpg	24.89	5.13	12.87	2	171
2003_3_rightfoot6.jpg	24.13	4.95	9.83	2	177
2003_3_rightfoot7.jpg	25.4	4.65	8.96	2	177
2003_3_rightfoot8.jpg	22.49	4.55	9.42	2	177
2003_3_rightfoot10.jpg	23.29	4.37	9.6	2	170
2003_3_rightfoot11.jpg	24.31	5.09	9.64	2	185
2003_3_rightfoot12.jpg	24.54	4.57	9.15	2	166
2003_3_rightfoot13.jpg	25.44	4.89	9.76	2	175
2003_3_rightfoot14.jpg	24.13	4.62	8.99	2	174
2003_3_rightfoot15.jpg	22.36	4.81	9.45	2	175
2003_3_rightfoot16.jpg	24.61	5.28	12.78	2	174
2003_3_rightfoot18.jpg	24.88	5.5	10.61	2	180
2003_3_rightfoot19.jpg	25.78	5.48	10.88	2	179
2003_3_rightfoot20.jpg	23.41	4.69	10.16	2	180
2003_3_rightfoot21.jpg	25.03	4.82	11.23	2	178
2003_3_rightfoot22.jpg	23.09	5.26	9.69	2	175
2003_3_rightfoot23.jpg	22.54	4.36	8.81	2	170
2003_3_rightfoot24.jpg	24.83	4.53	9.71	2	175
2003_3_rightfoot25.jpg	24.22	5.31	9.56	2	176
2003_3_rightfoot26.jpg	22.99	4.8	10.77	2	168
2003_3_rightfoot27.jpg	25.02	5.42	8.96	2	180
2003_3_rightfoot32.jpg	26.44	4.89	9.71	2	173
2003_3_rightfoot33.jpg	24.83	5.08	10.07	2	173
2003_3_rightfoot34.jpg	24.36	4.53	9.11	2	171.5
2003_3_rightfoot35.jpg	26.61	5.77	10.62	2	172
2003_3_rightfoot36.jpg	26.67	6.06	10.28	2	176
2003_3_rightfoot37.jpg	23.67	4.63	11.82	2	172
2003_3_rightfoot38.jpg	25.31	5.66	9.1	2	172.5
2003_3_rightfoot39.jpg	25.79	5.23	10.28	2	173
2003_3_rightfoot40.jpg	23.44	5.36	9.21	2	174
2003_3_rightfoot41.jpg	27.29	5.14	9.38	2	174
2003_3_rightfoot42.jpg	23.48	5.35	9.82	2	172
2003_3_rightfoot43.jpg	24.59	5.25	9.78	2	174.5
2003_3_rightfoot44.jpg	25.45	5.2	9.28	2	179
2003_3_rightfoot45.jpg	24.78	5.31	10.41	2	173
2003_3_rightfoot46.jpg	25.72	4.95	10.33	2	182
2003_3_rightfoot47.jpg	27.64	6.25	10.62	2	188
2003_3_rightfoot48.jpg	25.45	4.91	10.89	2	174
2003_3_rightfoot50.jpg	24.3	4.55	9.71	2	174
2003_3_rightfoot51.jpg	23.8	4.78	9.38	2	169
2003_3_rightfoot52.jpg	26.54	5.64	10.05	2	178
2003_4_rightfoot1.jpg	24.88	5.99	9.88	2	170
2003_4_rightfoot2.jpg	26.96	5.07	9.71	2	175
2003_4_rightfoot3.jpg	24.52	4.92	9.82	2	170
2003_4_rightfoot4.jpg	27.7	5.61	10.3	2	181
2003_4_rightfoot5.jpg	24.22	4.88	9.81	2	182
2003_4_rightfoot6.jpg	26.43	5.82	12.77	2	176
2003_4_rightfoot7.jpg	25.92	4.89	9.39	2	175
2003_4_rightfoot9.jpg	25.11	5.85	11.34	2	172
2003_4_rightfoot10.jpg	26.38	5.16	10.44	2	178
2003_4_rightfoot11.jpg	24.51	4.49	10.74	2	170
2003_4_rightfoot12.jpg	24.33	4.6	8.75	2	173
2003_4_rightfoot13.jpg	26.1	5.88	9.68	2	173
2003_4_rightfoot14.jpg	26.84	5.42	12.06	2	176
2003_4_rightfoot15.jpg	26.59	4.65	9.75	2	172
2003_4_rightfoot16.jpg	25.41	5.12	9.02	2	180
2003_4_rightfoot17.jpg	27.38	5.85	10.04	2	180
2003_4_rightfoot18.jpg	26.62	5.54	10.03	2	178
2003_4_rightfoot19.jpg	24.8	5.11	9.42	2	173
2003_4_rightfoot20.jpg	25.4	4.49	9.82	2	170
2003_4_rightfoot21.jpg	27.51	5.81	9.92	2	175
2003_4_rightfoot22.jpg	26.42	5.58	10.77	2	178
2003_4_rightfoot23.jpg	26.8	5.26	10.94	2	175
2003_4_rightfoot24.jpg	26.23	5.63	10.51	2	172
2003_4_rightfoot25.jpg	25.64	5.15	9.96	2	177
2003_4_rightfoot26.jpg	25.18	4.83	9.19	2	178
2003_4_rightfoot27.jpg	26.19	5.59	10.01	2	180
2003_4_rightfoot28.jpg	26.78	6.31	11.23	2	174
2003_4_rightfoot29.jpg	26.38	5.21	10.34	2	172
2003_4_rightfoot30.jpg	25.72	5.09	11.93	2	176
2003_4_rightfoot32.jpg	26.49	5.27	9.99	2	174
2003_4_rightfoot33.jpg	24.35	5.01	10.34	2	172
2003_4_rightfoot34.jpg	26.59	5.62	10.04	2	181
2003_4_rightfoot35.jpg	25.72	5.42	12.91	2	176
2003_4_rightfoot37.jpg	25.59	5.91	9.21	2	166
2003_4_rightfoot38.jpg	26.44	5.53	10.06	2	177
2005_1_rightfoot2.jpg	25.11	5.37	9.86	2	168
2005_1_rightfoot3.jpg	25.74	5.36	9.64	2	178
2005_1_rightfoot4.jpg	25.36	5.32	9.83	2	173
2005_1_rightfoot5.jpg	25.16	4.89	10.62	2	170
2005_1_rightfoot6.jpg	23.43	4.77	9.54	2	168
2005_1_rightfoot7.jpg	24.99	14.15	14.15	2	177
2005_1_rightfoot8.jpg	26.52	7.54	10.56	2	175
2005_1_rightfoot9.jpg	24.83	5.1	9.22	2	168
2005_1_rightfoot10.jpg	25.25	5.69	9.8	2	175
2005_1_rightfoot11.jpg	26.96	6.08	9.94	2	170
2005_1_rightfoot12.jpg	25.08	5.55	12.27	2	168
2005_1_rightfoot13.jpg	26.26	5.45	9.73	2	173
2005_1_rightfoot14.jpg	24.45	5	11.21	2	174.5
2005_1_rightfoot15.jpg	25.18	5.7	9.62	2	173
2005_1_rightfoot16.jpg	24.21	7.59	9.62	2	173
2005_1_rightfoot17.jpg	25.17	5.62	10.11	2	177
2005_1_rightfoot18.jpg	24.4	4.94	9.04	2	173
2005_1_rightfoot19.jpg	26.49	5.88	9.81	2	180
2005_1_rightfoot20.jpg	26.4	4.98	9.51	2	178
2005_1_rightfoot21.jpg	27.85	5.66	10.2	2	185
2005_1_rightfoot22.jpg	25.83	4.77	9.56	2	175
2005_1_rightfoot23.jpg	26.34	5.18	9.77	2	181
2005_1_rightfoot24.jpg	25.41	4.57	8.87	2	171
2005_1_rightfoot25.jpg	24.36	5.37	11.84	2	171
2005_1_rightfoot26.jpg	23.8	4.89	9.03	2	171
2005_1_rightfoot27.jpg	24.69	4.82	9.57	2	173
2005_1_rightfoot28.jpg	24.56	5.23	9.49	2	169
2005_1_rightfoot29.jpg	27.01	5.34	9.8	2	175
2005_1_rightfoot30.jpg	22.44	5.04	8.04	2	164
2005_1_rightfoot31.jpg	23.57	4.3	8.54	2	169
2005_1_rightfoot32.jpg	24.1	5.12	8.77	2	162
2005_1_rightfoot33.jpg	21.21	4.42	12.41	2	160
2005_1_rightfoot34.jpg	22.59	4.12	8.73	2	164
2005_1_rightfoot36.jpg	25.57	5.56	9.81	2	180
2005_1_rightfoot37.jpg	23.38	5.12	9.64	2	175
2005_1_rightfoot38.jpg	25.32	4.3	9.32	2	175
2005_1_rightfoot39.jpg	22.96	4.02	10.76	2	170
2005_1_rightfoot40.jpg	25.01	4.49	9.06	2	170
2005_1_rightfoot41.jpg	24.74	4.87	9.31	2	177
2005_1_rightfoot42.jpg	25.13	9.71	5.21	2	170
2005_1_rightfoot43.jpg	24.71	5.08	9.2	2	175
2005_1_rightfoot44.jpg	25.02	5.47	10.55	2	171
2005_1_rightfoot45.jpg	25.98	5.32	9.33	2	181
2005_1_rightfoot46.jpg	25.21	4.78	9.59	2	174
2005_1_rightfoot47.jpg	23.25	5.33	10.31	2	172
2005_1_rightfoot48.jpg	24.56	4.95	9.68	2	176
2005_1_rightfoot49.jpg	25.4	5.15	9.54	2	176
2005_1_rightfoot50.jpg	25.23	5.38	9.83	2	169
2005_1_rightfoot51.jpg	25.77	5.41	9.03	2	177
2005_1_rightfoot52.jpg	24.36	4.7	10.02	2	170
2005_1_rightfoot53.jpg	22.36	19.78	8.45	2	180
2005_1_rightfoot54.jpg	23.88	4.93	10.22	2	178
2005_1_rightfoot56.jpg	25.48	5.48	10.12	2	177
2005_1_rightfoot57.jpg	24.16	4.97	9.84	2	170
2005_1_rightfoot58.jpg	25.67	5.51	11.95	2	176
2005_1_rightfoot59.jpg	26.33	5.5	8.82	2	179
2005_1_rightfoot60.jpg	27.34	6.11	13.73	2	183
2005_1_rightfoot61.jpg	23.86	5.06	11.42	2	170
2005_1_rightfoot62.jpg	21.64	12.68	12.68	2	170
2005_1_rightfoot63.jpg	23.44	4.55	9.27	2	170
2005_1_rightfoot64.jpg	24.47	4.9	10.75	2	169
2005_1_rightfoot66.jpg	24.56	4.81	12.87	2	170
2005_1_rightfoot67.jpg	24.57	5.12	8.92	2	170
2005_1_rightfoot68.jpg	25.18	5.2	9.33	2	172
2005_1_rightfoot69.jpg	25.06	4.98	11.78	2	177
2005_1_rightfoot70.jpg	23.98	4.98	9.8	2	174
2005_1_rightfoot71.jpg	24.9	4.52	9.19	2	172
2005_1_rightfoot72.jpg	26.68	5.7	9.42	2	172
2005_1_rightfoot73.jpg	25.55	4.95	9.31	2	173
2005_1_rightfoot74.jpg	24.03	6.21	9.59	2	172
2005_1_rightfoot75.jpg	25.27	5.48	9.16	2	175
2005_1_rightfoot76.jpg	26.45	5.38	11	2	170
2005_1_rightfoot77.jpg	24.28	4.44	9.21	2	170
2005_1_rightfoot78.jpg	25.36	5.4	9.47	2	170
2005_1_rightfoot79.jpg	24.71	5.62	9.7	2	175
2005_1_rightfoot80.jpg	24.82	5.3	9.8	2	175
2005_1_rightfoot83.jpg	23.27	4.62	8.93	2	165
2005_1_rightfoot84.jpg	24.36	5.88	9.75	2	173
2005_1_rightfoot85.jpg	25.76	4.95	11.24	2	178
2005_1_rightfoot86.jpg	23.41	4.15	8.37	2	166
2005_1_rightfoot87.jpg	26.15	4.38	9.83	2	172
2005_1_rightfoot88.jpg	24.05	5.43	11.12	2	172
2005_1_rightfoot89.jpg	23.75	4.57	9.65	2	172
2005_1_rightfoot90.jpg	24.43	6.02	9.22	2	170
2005_1_rightfoot91.jpg	25.1	4.62	9.47	2	174
2005_1_rightfoot93.jpg	26.59	4.77	9.15	2	173
2005_1_rightfoot95.jpg	25.31	6.01	11.93	2	170
2005_1_rightfoot96.jpg	24.68	5.17	8.84	2	169
2005_1_rightfoot97.jpg	25.34	5.85	9.63	2	178
2005_1_rightfoot99.jpg	25.22	7.92	9.69	2	180
2005_1_rightfoot100.jpg	25.49	4.52	9.87	2	176
2005_1_rightfoot101.jpg	26.89	6.07	14.68	2	181
2005_1_rightfoot102.jpg	26.14	6.41	9.58	2	173
2005_1_rightfoot103.jpg	26.4	5.11	11.67	2	172
2005_1_rightfoot105.jpg	24.56	4.54	11.93	2	162
2005_1_rightfoot106.jpg	23.89	4.43	9.93	2	166
2005_1_rightfoot107.jpg	26.11	5.86	9.8	2	177
2005_1_rightfoot108.jpg	26.16	4.83	9.92	2	179
2005_1_rightfoot109.jpg	24.79	4.35	9.51	2	165
2005_1_rightfoot110.jpg	23	4.58	9.68	2	173
2005_1_rightfoot111.jpg	23.15	4.52	9.83	2	170
2005_1_rightfoot112.jpg	26.78	5.4	11.29	2	173
2005_1_rightfoot113.jpg	22.82	5.81	10.38	2	176
2005_1_rightfoot114.jpg	25.25	5.55	8.4	2	175
2005_1_rightfoot115.jpg	24.94	5.92	9.85	2	171
2005_1_rightfoot117.jpg	27.13	6.04	9.69	2	171
2005_1_rightfoot118.jpg	25.34	5.31	10.79	2	175
2005_1_rightfoot121.jpg	26.37	5.69	10.39	2	173
2005_2_rightfoot1.jpg	26.34	5.78	9.4	2	174
2005_2_rightfoot2.jpg	25.51	5.38	8.85	2	168
2005_2_rightfoot3.jpg	25.55	6.05	9.24	2	177
2005_2_rightfoot4.jpg	25.36	5.28	9.79	2	170
2005_2_rightfoot5.jpg	25.34	4.68	10.29	2	175
2005_2_rightfoot6.jpg	24.51	6.85	9.62	2	170
2005_2_rightfoot7.jpg	24.99	6.3	10.41	2	175
2005_2_rightfoot8.jpg	25.74	4.81	13.71	2	183
2005_2_rightfoot10.jpg	27.31	6.74	10.32	2	160
2005_2_rightfoot11.jpg	22.61	6.13	8.59	2	162
2005_2_rightfoot12.jpg	23.24	5.92	8.29	2	165
2005_2_rightfoot13.jpg	22.34	4.95	8.57	2	160
2005_2_rightfoot16.jpg	23.56	5.05	9.43	2	165
2005_2_rightfoot17.jpg	23.84	5.21	8.99	2	178
2005_2_rightfoot18.jpg	25.21	5.7	10.2	2	173
2005_2_rightfoot19.jpg	24.17	5.89	9.59	2	183
2005_2_rightfoot20.jpg	24.73	6.33	9.59	2	170
2005_2_rightfoot21.jpg	23.72	5.01	10.38	2	172
2005_2_rightfoot22.jpg	25.54	5.6	11.07	2	182
2005_2_rightfoot23.jpg	23.19	4.47	9.07	2	170
2005_2_rightfoot24.jpg	25.02	5.22	10.09	2	174
2005_2_rightfoot25.jpg	23.55	5.17	9.64	2	173
2005_2_rightfoot27.jpg	25.18	5.75	9.13	2	179
2005_2_rightfoot28.jpg	24.77	5.1	9.32	2	183
2005_2_rightfoot30.jpg	25.16	5.01	9.37	2	172
2005_2_rightfoot32.jpg	25.41	5.79	10.61	2	180
2005_2_rightfoot33.jpg	24.68	6.23	10.02	2	170
2005_2_rightfoot34.jpg	25.58	5.16	9.23	2	171
2005_2_rightfoot35.jpg	25.91	5.3	10.65	2	183
2005_2_rightfoot36.jpg	22.19	15.38	13.25	2	171
2005_2_rightfoot38.jpg	24.93	5.07	10.44	2	177
2005_2_rightfoot39.jpg	28.49	4.93	9.99	2	180
2005_2_rightfoot40.jpg	25.7	5.11	10.77	2	170
2005_2_rightfoot41.jpg	23.23	4.68	8.81	2	171.5
2005_2_rightfoot42.jpg	22.94	5.55	10.13	2	167
2005_2_rightfoot44.jpg	26.01	5.34	10.16	2	170
2005_2_rightfoot45.jpg	23.53	4.56	9.83	2	168
2005_2_rightfoot46.jpg	23.89	5.08	12.3	2	179
2005_2_rightfoot47.jpg	25.3	4.97	9.75	2	172
2005_2_rightfoot49.jpg	24.68	5.08	9.71	2	171
2005_2_rightfoot51.jpg	26.91	6.03	11.42	2	172
2005_2_rightfoot55.jpg	23.83	5.2	10.63	2	172
2005_2_rightfoot56.jpg	24.63	5.17	9.8	2	166
2005_2_rightfoot57.jpg	24.63	5.17	9.8	2	170
2005_2_rightfoot58.jpg	25.68	4.61	10.09	2	172
2005_2_rightfoot59.jpg	27.94	4.96	9.92	2	180
2005_2_rightfoot60.jpg	24.59	5.01	10.91	2	175
2005_2_rightfoot62.jpg	24.7	5	12.91	2	178
2005_2_rightfoot63.jpg	24.87	5.05	9.58	2	170
2006_rightfoot2.jpg	22.25	4.45	10.17	2	160
2006_rightfoot3.jpg	23.95	5.14	11.48	2	176
2006_rightfoot5.jpg	23.28	4.74	9.02	2	170
2006_rightfoot6.jpg	25.27	4.79	9.29	2	176
2006_rightfoot7.jpg	26.15	10.51	4.55	2	164
2006_rightfoot8.jpg	24.97	5.26	9.67	2	176
2006_rightfoot9.jpg	24.27	4.85	9.8	2	170
2006_rightfoot10.jpg	24.9	18.41	10.73	2	172
2006_rightfoot11.jpg	25.92	5.21	9.26	2	173
2006_rightfoot12.jpg	25.49	5.43	9.1	2	170
2006_rightfoot13.jpg	22.07	4.86	9.45	2	172
2006_rightfoot14.jpg	25.67	5.16	10.47	2	176
2006_rightfoot15.jpg	24.8	5.59	14.98	2	181
2006_rightfoot16.jpg	25.93	6.76	9.46	2	175
2006_rightfoot17.jpg	23.84	5.2	9	2	170
2006_rightfoot18.jpg	25.65	4.93	9.91	2	180
2006_rightfoot19.jpg	24.07	5.84	9.23	2	170
2006_rightfoot20.jpg	25.93	4.83	12.78	2	178
2006_rightfoot21.jpg	24.64	5.22	10.23	2	181
2006_rightfoot23.jpg	25.17	5.67	10.81	2	182
2006_rightfoot24.jpg	24.45	5.19	9.35	2	175
2006_rightfoot25.jpg	24.19	5.8	9.59	2	171
2006_rightfoot26.jpg	24.83	5.13	9.95	2	178
2006_rightfoot27.jpg	22.73	4.73	9.54	2	165
2006_rightfoot28.jpg	23.51	5.23	9.69	2	173
2006_rightfoot29.jpg	23.28	5.28	10.46	2	170
2006_rightfoot30.jpg	23.39	5.26	9.42	2	172
2006_rightfoot31.jpg	25.69	5.06	11.5	2	179
2006_rightfoot32.jpg	25.65	5.17	9.5	2	176
2006_rightfoot33.jpg	21.42	5.85	9.98	2	158
2006_rightfoot35.jpg	27.2	5.59	9.97	2	178
2006_rightfoot36.jpg	21.55	4.33	8.55	2	163
2006_rightfoot37.jpg	23.94	4.79	9.43	2	167
2006_rightfoot38.jpg	25.57	5.26	10.71	2	178
2006_rightfoot40.jpg	21.16	4.73	9.33	2	174
2006_rightfoot41.jpg	27.08	5.34	9.6	2	174
2006_rightfoot42.jpg	24.49	5.04	8.91	2	170
2006_rightfoot44.jpg	23.11	6.18	8.51	2	160
2006_rightfoot45.jpg	24.07	5.18	8.44	2	158
2006_rightfoot46.jpg	26.77	5.71	9.92	2	185
2006_rightfoot47.jpg	25.74	5.19	10.81	2	178
2006_rightfoot48.jpg	23.28	5.28	11.35	2	174
2006_rightfoot49.jpg	25.54	6.04	9.91	2	176
2006_rightfoot50.jpg	24.78	4.29	11.61	2	178
2006_rightfoot51.jpg	22.99	6.55	9.32	2	161
2006_rightfoot52.jpg	26.72	5.74	12.14	2	177
2006_rightfoot53.jpg	23.79	5.1	8.57	2	169
2006_rightfoot54.jpg	22.44	4.44	8.41	2	161
2006_rightfoot55.jpg	24.49	5.61	10.7	2	174
2006_rightfoot56.jpg	26.85	5.44	10.41	2	174
2006_rightfoot57.jpg	25.74	5.52	12.64	2	176
2006_rightfoot58.jpg	24.4	4.51	8.98	2	166
2006_rightfoot59.jpg	26.54	5.33	9.55	2	173
2006_rightfoot60.jpg	24.04	4.76	8.71	2	162
2006_rightfoot61.jpg	25.86	5.44	9.9	2	172
2006_rightfoot62.jpg	26.77	5.9	10.84	2	180
2006_rightfoot64.jpg	26.2	4.54	9.93	2	169
2006_rightfoot66.jpg	26.1	5.14	11.98	2	175
2006_rightfoot67.jpg	24.51	4.92	9.99	2	172
2006_rightfoot68.jpg	26.75	5.17	9.14	2	181
2006_rightfoot70.jpg	27.03	12.86	6.55	2	179
2015_rightfoot1.jpg	22.19	4	8.13	2	165
2015_rightfoot2.jpg	26.87	5.38	10.08	2	180
2015_rightfoot3.jpg	25.37	5.04	10.01	2	176
2015_rightfoot4.jpg	25.64	5.62	9.74	2	169
2015_rightfoot5.jpg	26.33	5.05	9.66	2	170
2015_rightfoot6.jpg	25.18	5.65	9.75	2	171
2015_rightfoot7.jpg	23.81	4.72	8.89	2	170
2015_rightfoot8.jpg	24.14	4.73	11.14	2	165
2015_rightfoot9.jpg	24.97	5.05	9.28	2	165
2015_rightfoot10.jpg	25.23	4.93	9.77	2	175
2015_rightfoot11.jpg	26.34	4.77	9.01	2	175
2015_rightfoot12.jpg	25.43	5.03	9.5	2	177.5
2015_rightfoot14.jpg	23.24	4.81	9.53	2	173
2015_rightfoot15.jpg	25.29	5.45	11.66	2	176
2015_rightfoot16.jpg	22.21	4.85	9.28	2	165
2015_rightfoot17.jpg	23.84	4.69	9.44	2	168
2015_rightfoot18.jpg	23.34	5.14	9.78	2	171
2015_rightfoot19.jpg	23.56	13.44	8.3	2	166
2015_rightfoot20.jpg	26.09	5.24	9.59	2	179
2015_rightfoot21.jpg	25.57	5.14	10.32	2	178
2015_rightfoot22.jpg	25.06	5.87	10.1	2	180
2015_rightfoot23.jpg	22.01	4.62	9.41	2	168
2015_rightfoot24.jpg	23.69	4.88	11.41	2	170
2015_rightfoot25.jpg	24.3	4.51	10.97	2	171
2015_rightfoot27.jpg	23.36	4.47	8.22	2	171
2015_rightfoot28.jpg	24.23	4.89	8.94	2	166
2015_rightfoot29.jpg	22.91	5.47	13.65	2	175
2015_rightfoot30.jpg	25.12	5.47	9.55	2	177
2015_rightfoot31.jpg	25.12	5.38	9.55	2	175
2015_rightfoot32.jpg	25.01	4.82	9.62	2	173
2015_rightfoot33.jpg	25.27	5.64	10.03	2	168
2015_rightfoot34.jpg	26.07	4.84	9.17	2	168
2015_rightfoot37.jpg	24.66	4.99	8.96	2	173
2015_rightfoot40.jpg	24.12	4.64	9.31	2	176
2015_rightfoot41.jpg	22.03	4.53	8.61	2	159
